trial	lh	ps	id	rw	wt	alh	aps	aid	arw	awt	rep	time
1	-1	-1	-1	-1	1	0.16	50	0.25	0.4	0.8	1	18098
2	1	-1	-1	-1	-1	0.28	50	0.25	0.4	1.2	1	8741
3	-1	1	-1	-1	-1	0.16	60	0.25	0.4	1.2	1	14493
4	1	1	-1	-1	1	0.28	60	0.25	0.4	0.8	1	10281
5	-1	-1	1	-1	-1	0.16	50	0.15	0.4	1.2	1	14914
6	1	-1	1	-1	1	0.28	50	0.15	0.4	0.8	1	10423
7	-1	1	1	-1	1	0.16	60	0.15	0.4	0.8	1	16648
8	1	1	1	-1	-1	0.28	60	0.15	0.4	1.2	1	8534
9	-1	-1	-1	1	-1	0.16	50	0.25	0.8	1.2	1	15085
10	1	-1	-1	1	1	0.28	50	0.25	0.8	0.8	1	10624
11	-1	1	-1	1	1	0.16	60	0.25	0.8	0.8	1	16870
12	1	1	-1	1	-1	0.28	60	0.25	0.8	1.2	1	8645
13	-1	-1	1	1	1	0.16	50	0.15	0.8	0.8	1	17046
14	1	-1	1	1	-1	0.28	50	0.15	0.8	1.2	1	9012
15	-1	1	1	1	-1	0.16	60	0.15	0.8	1.2	1	13488
16	1	1	1	1	1	0.28	60	0.15	0.8	0.8	1	9574
												
												
												
												
												
												
												
												
												
												
												
												
												
												
												
												
												
												
												
												
												
												
												
												
												
												
												
												
												
												
												
												
												
												
												
												
												
												
												
												
												
												
												
												
												
												
												
												
												
												
												
												
												
												
												
												
												
												
												
												
												
												
												
												