trial	lh	ps	id	rw	wt	alh	aps	aid	arw	awt	rep	cost
1	-1	-1	-1	-1	1	0.16	50	0.25	0.4	0.8	1	0.51
2	1	-1	-1	-1	-1	0.28	50	0.25	0.4	1.2	1	0.51
3	-1	1	-1	-1	-1	0.16	60	0.25	0.4	1.2	1	0.54
4	1	1	-1	-1	1	0.28	60	0.25	0.4	0.8	1	0.51
5	-1	-1	1	-1	-1	0.16	50	0.15	0.4	1.2	1	0.54
6	1	-1	1	-1	1	0.28	50	0.15	0.4	0.8	1	0.5
7	-1	1	1	-1	1	0.16	60	0.15	0.4	0.8	1	0.5
8	1	1	1	-1	-1	0.28	60	0.15	0.4	1.2	1	0.54
9	-1	-1	-1	1	-1	0.16	50	0.25	0.8	1.2	1	0.54
10	1	-1	-1	1	1	0.28	50	0.25	0.8	0.8	1	0.56
11	-1	1	-1	1	1	0.16	60	0.25	0.8	0.8	1	0.56
12	1	1	-1	1	-1	0.28	60	0.25	0.8	1.2	1	0.54
13	-1	-1	1	1	1	0.16	50	0.15	0.8	0.8	1	0.54
14	1	-1	1	1	-1	0.28	50	0.15	0.8	1.2	1	0.54
15	-1	1	1	1	-1	0.16	60	0.15	0.8	1.2	1	0.53
16	1	1	1	1	1	0.28	60	0.15	0.8	0.8	1	0.54
17	-1	-1	-1	-1	1	0.16	50	0.25	0.4	0.8	2	0.51
18	1	-1	-1	-1	-1	0.28	50	0.25	0.4	1.2	2	0.51
19	-1	1	-1	-1	-1	0.16	60	0.25	0.4	1.2	2	0.54
20	1	1	-1	-1	1	0.28	60	0.25	0.4	0.8	2	0.51
21	-1	-1	1	-1	-1	0.16	50	0.15	0.4	1.2	2	0.54
22	1	-1	1	-1	1	0.28	50	0.15	0.4	0.8	2	0.5
23	-1	1	1	-1	1	0.16	60	0.15	0.4	0.8	2	0.5
24	1	1	1	-1	-1	0.28	60	0.15	0.4	1.2	2	0.54
25	-1	-1	-1	1	-1	0.16	50	0.25	0.8	1.2	2	0.54
26	1	-1	-1	1	1	0.28	50	0.25	0.8	0.8	2	0.56
27	-1	1	-1	1	1	0.16	60	0.25	0.8	0.8	2	0.56
28	1	1	-1	1	-1	0.28	60	0.25	0.8	1.2	2	0.54
29	-1	-1	1	1	1	0.16	50	0.15	0.8	0.8	2	0.54
30	1	-1	1	1	-1	0.28	50	0.15	0.8	1.2	2	0.53
31	-1	1	1	1	-1	0.16	60	0.15	0.8	1.2	2	0.54
32	1	1	1	1	1	0.28	60	0.15	0.8	0.8	2	0.54
33	-1	-1	-1	-1	1	0.16	50	0.25	0.4	0.8	3	0.51
34	1	-1	-1	-1	-1	0.28	50	0.25	0.4	1.2	3	0.51
35	-1	1	-1	-1	-1	0.16	60	0.25	0.4	1.2	3	0.54
36	1	1	-1	-1	1	0.28	60	0.25	0.4	0.8	3	0.51
37	-1	-1	1	-1	-1	0.16	50	0.15	0.4	1.2	3	0.54
38	1	-1	1	-1	1	0.28	50	0.15	0.4	0.8	3	0.5
39	-1	1	1	-1	1	0.16	60	0.15	0.4	0.8	3	0.5
40	1	1	1	-1	-1	0.28	60	0.15	0.4	1.2	3	0.54
41	-1	-1	-1	1	-1	0.16	50	0.25	0.8	1.2	3	0.54
42	1	-1	-1	1	1	0.28	50	0.25	0.8	0.8	3	0.56
43	-1	1	-1	1	1	0.16	60	0.25	0.8	0.8	3	0.56
44	1	1	-1	1	-1	0.28	60	0.25	0.8	1.2	3	0.54
45	-1	-1	1	1	1	0.16	50	0.15	0.8	0.8	3	0.54
46	1	-1	1	1	-1	0.28	50	0.15	0.8	1.2	3	0.54
47	-1	1	1	1	-1	0.16	60	0.15	0.8	1.2	3	0.53
48	1	1	1	1	1	0.28	60	0.15	0.8	0.8	3	0.54
49	-1	-1	-1	-1	1	0.16	50	0.25	0.4	0.8	4	0.51
50	1	-1	-1	-1	-1	0.28	50	0.25	0.4	1.2	4	0.51
51	-1	1	-1	-1	-1	0.16	60	0.25	0.4	1.2	4	0.54
52	1	1	-1	-1	1	0.28	60	0.25	0.4	0.8	4	0.51
53	-1	-1	1	-1	-1	0.16	50	0.15	0.4	1.2	4	0.54
54	1	-1	1	-1	1	0.28	50	0.15	0.4	0.8	4	0.5
55	-1	1	1	-1	1	0.16	60	0.15	0.4	0.8	4	0.5
56	1	1	1	-1	-1	0.28	60	0.15	0.4	1.2	4	0.54
57	-1	-1	-1	1	-1	0.16	50	0.25	0.8	1.2	4	0.54
58	1	-1	-1	1	1	0.28	50	0.25	0.8	0.8	4	0.56
59	-1	1	-1	1	1	0.16	60	0.25	0.8	0.8	4	0.56
60	1	1	-1	1	-1	0.28	60	0.25	0.8	1.2	4	0.54
61	-1	-1	1	1	1	0.16	50	0.15	0.8	0.8	4	0.54
62	1	-1	1	1	-1	0.28	50	0.15	0.8	1.2	4	0.54
63	-1	1	1	1	-1	0.16	60	0.15	0.8	1.2	4	0.53
64	1	1	1	1	1	0.28	60	0.15	0.8	0.8	4	0.54
65	-1	-1	-1	-1	1	0.16	50	0.25	0.4	0.8	5	0.48
66	1	-1	-1	-1	-1	0.28	50	0.25	0.4	1.2	5	0.51
67	-1	1	-1	-1	-1	0.16	60	0.25	0.4	1.2	5	0.54
68	1	1	-1	-1	1	0.28	60	0.25	0.4	0.8	5	0.51
69	-1	-1	1	-1	-1	0.16	50	0.15	0.4	1.2	5	0.54
70	1	-1	1	-1	1	0.28	50	0.15	0.4	0.8	5	0.5
71	-1	1	1	-1	1	0.16	60	0.15	0.4	0.8	5	0.5
72	1	1	1	-1	-1	0.28	60	0.15	0.4	1.2	5	0.54
73	-1	-1	-1	1	-1	0.16	50	0.25	0.8	1.2	5	0.54
74	1	-1	-1	1	1	0.28	50	0.25	0.8	0.8	5	0.56
75	-1	1	-1	1	1	0.16	60	0.25	0.8	0.8	5	0.56
76	1	1	-1	1	-1	0.28	60	0.25	0.8	1.2	5	0.54
77	-1	-1	1	1	1	0.16	50	0.15	0.8	0.8	5	0.54
78	1	-1	1	1	-1	0.28	50	0.15	0.8	1.2	5	0.54
79	-1	1	1	1	-1	0.16	60	0.15	0.8	1.2	5	0.53
80	1	1	1	1	1	0.28	60	0.15	0.8	0.8	5	0.54